knottimes=[   11.0290
   12.0090
   13.0090
   13.4890
];
waypts_x=[   2.0000
   3.2864
   4.7527
   5.4091
];
waypts_y=[    2.0000
    5.4003
   11.2939
   14.6293
];
dense_path_t=[   11.0290
   11.0390
   11.0490
   11.0590
   11.0690
   11.0790
   11.0890
   11.0990
   11.1090
   11.1190
   11.1290
   11.1390
   11.1490
   11.1590
   11.1690
   11.1790
   11.1890
   11.1990
   11.2090
   11.2190
   11.2290
   11.2390
   11.2490
   11.2590
   11.2690
   11.2790
   11.2890
   11.2990
   11.3090
   11.3190
   11.3290
   11.3390
   11.3490
   11.3590
   11.3690
   11.3790
   11.3890
   11.3990
   11.4090
   11.4190
   11.4290
   11.4390
   11.4490
   11.4590
   11.4690
   11.4790
   11.4890
   11.4990
   11.5090
   11.5190
   11.5290
   11.5390
   11.5490
   11.5590
   11.5690
   11.5790
   11.5890
   11.5990
   11.6090
   11.6190
   11.6290
   11.6390
   11.6490
   11.6590
   11.6690
   11.6790
   11.6890
   11.6990
   11.7090
   11.7190
   11.7290
   11.7390
   11.7490
   11.7590
   11.7690
   11.7790
   11.7890
   11.7990
   11.8090
   11.8190
   11.8290
   11.8390
   11.8490
   11.8590
   11.8690
   11.8790
   11.8890
   11.8990
   11.9090
   11.9190
   11.9290
   11.9390
   11.9490
   11.9590
   11.9690
   11.9790
   11.9890
   11.9990
   12.0090
   12.0190
   12.0290
   12.0390
   12.0490
   12.0590
   12.0690
   12.0790
   12.0890
   12.0990
   12.1090
   12.1190
   12.1290
   12.1390
   12.1490
   12.1590
   12.1690
   12.1790
   12.1890
   12.1990
   12.2090
   12.2190
   12.2290
   12.2390
   12.2490
   12.2590
   12.2690
   12.2790
   12.2890
   12.2990
   12.3090
   12.3190
   12.3290
   12.3390
   12.3490
   12.3590
   12.3690
   12.3790
   12.3890
   12.3990
   12.4090
   12.4190
   12.4290
   12.4390
   12.4490
   12.4590
   12.4690
   12.4790
   12.4890
   12.4990
   12.5090
   12.5190
   12.5290
   12.5390
   12.5490
   12.5590
   12.5690
   12.5790
   12.5890
   12.5990
   12.6090
   12.6190
   12.6290
   12.6390
   12.6490
   12.6590
   12.6690
   12.6790
   12.6890
   12.6990
   12.7090
   12.7190
   12.7290
   12.7390
   12.7490
   12.7590
   12.7690
   12.7790
   12.7890
   12.7990
   12.8090
   12.8190
   12.8290
   12.8390
   12.8490
   12.8590
   12.8690
   12.8790
   12.8890
   12.8990
   12.9090
   12.9190
   12.9290
   12.9390
   12.9490
   12.9590
   12.9690
   12.9790
   12.9890
   12.9990
   13.0090
   13.0190
   13.0290
   13.0390
   13.0490
   13.0590
   13.0690
   13.0790
   13.0890
   13.0990
   13.1090
   13.1190
   13.1290
   13.1390
   13.1490
   13.1590
   13.1690
   13.1790
   13.1890
   13.1990
   13.2090
   13.2190
   13.2290
   13.2390
   13.2490
   13.2590
   13.2690
   13.2790
   13.2890
   13.2990
   13.3090
   13.3190
   13.3290
   13.3390
   13.3490
   13.3590
   13.3690
   13.3790
   13.3890
   13.3990
   13.4090
   13.4190
   13.4290
   13.4390
   13.4490
   13.4590
   13.4690
   13.4790
   13.4890
];
dense_path_x=[
   2.0000
   2.0000
   2.0000
   2.0002
   2.0004
   2.0007
   2.0012
   2.0019
   2.0027
   2.0039
   2.0053
   2.0070
   2.0091
   2.0115
   2.0142
   2.0174
   2.0210
   2.0250
   2.0294
   2.0343
   2.0397
   2.0455
   2.0519
   2.0588
   2.0661
   2.0740
   2.0824
   2.0914
   2.1008
   2.1108
   2.1213
   2.1323
   2.1438
   2.1559
   2.1684
   2.1814
   2.1949
   2.2088
   2.2232
   2.2380
   2.2533
   2.2689
   2.2850
   2.3014
   2.3181
   2.3352
   2.3527
   2.3704
   2.3884
   2.4066
   2.4251
   2.4438
   2.4627
   2.4817
   2.5009
   2.5203
   2.5397
   2.5592
   2.5788
   2.5985
   2.6182
   2.6379
   2.6576
   2.6772
   2.6969
   2.7164
   2.7359
   2.7553
   2.7747
   2.7939
   2.8130
   2.8319
   2.8507
   2.8694
   2.8879
   2.9063
   2.9245
   2.9425
   2.9604
   2.9780
   2.9955
   3.0129
   3.0300
   3.0470
   3.0639
   3.0806
   3.0971
   3.1135
   3.1297
   3.1458
   3.1618
   3.1777
   3.1935
   3.2092
   3.2247
   3.2403
   3.2557
   3.2711
   3.2864
   3.3017
   3.3170
   3.3322
   3.3474
   3.3626
   3.3778
   3.3930
   3.4081
   3.4233
   3.4384
   3.4536
   3.4687
   3.4839
   3.4990
   3.5142
   3.5293
   3.5444
   3.5596
   3.5747
   3.5899
   3.6050
   3.6201
   3.6352
   3.6504
   3.6655
   3.6806
   3.6957
   3.7107
   3.7258
   3.7409
   3.7559
   3.7709
   3.7859
   3.8009
   3.8159
   3.8308
   3.8458
   3.8607
   3.8756
   3.8904
   3.9053
   3.9201
   3.9349
   3.9496
   3.9644
   3.9791
   3.9938
   4.0085
   4.0232
   4.0378
   4.0524
   4.0670
   4.0816
   4.0961
   4.1107
   4.1252
   4.1397
   4.1542
   4.1686
   4.1831
   4.1975
   4.2119
   4.2263
   4.2407
   4.2551
   4.2695
   4.2838
   4.2982
   4.3125
   4.3269
   4.3412
   4.3555
   4.3698
   4.3841
   4.3984
   4.4127
   4.4269
   4.4412
   4.4555
   4.4697
   4.4840
   4.4982
   4.5125
   4.5267
   4.5409
   4.5551
   4.5693
   4.5835
   4.5977
   4.6118
   4.6260
   4.6401
   4.6542
   4.6683
   4.6824
   4.6965
   4.7106
   4.7246
   4.7386
   4.7527
   4.7666
   4.7806
   4.7946
   4.8085
   4.8224
   4.8363
   4.8502
   4.8641
   4.8780
   4.8918
   4.9056
   4.9195
   4.9333
   4.9471
   4.9608
   4.9746
   4.9884
   5.0021
   5.0159
   5.0296
   5.0433
   5.0570
   5.0707
   5.0844
   5.0981
   5.1117
   5.1254
   5.1390
   5.1526
   5.1663
   5.1799
   5.1935
   5.2070
   5.2206
   5.2342
   5.2477
   5.2612
   5.2747
   5.2882
   5.3017
   5.3152
   5.3287
   5.3421
   5.3555
   5.3690
   5.3824
   5.3957
   5.4091
];
